%YAML:1.0
---
calibration_time: "Mo 09 Jul 2018 13:03:57 CEST"
image_width: 896
image_height: 504
board_width: 9
board_height: 6
square_size: 2.4000001139938831e-03
aspectRatio: 1.
flags: 2
camera_matrix: !!opencv-matrix
   rows: 3
   cols: 3
   dt: d
   data: [ 4.0385250331033230e+03, 0., 4.5513775619025489e+02, 0.,
       4.0385250331033230e+03, 2.1646308475728998e+02, 0., 0., 1. ]
distortion_coefficients: !!opencv-matrix
   rows: 5
   cols: 1
   dt: d
   data: [ -1.1878780855749491e+00, -4.0731604118608422e-01,
       4.5865567372380581e-02, -7.2774857575356056e-03,
       -3.2273982228137751e-03 ]
avg_reprojection_error: 2.7893898585611671e-01
